0 14 3 3 4 5 6 6 7 28 13 14 16 18 18 31
1 14 11 13 14 1 8 9 31 33 36 21 26 27 28 31
2 14 10 16 17 19 4 5 6 7 9 22 23 25 35 29
3 14 33 15 15 3 4 0 6 8 8 9 27 28 34 34
4 14 11 13 14 1 8 9 31 31 33 21 26 27 28 2
5 14 10 16 17 19 4 5 6 7 9 22 23 25 35 17
6 14 15 15 3 4 0 6 8 8 9 34 34 27 28 29
7 14 13 14 1 2 8 9 31 31 33 21 26 27 28 24
8 14 13 14 1 2 8 9 31 31 33 24 26 27 28 1
9 14 10 16 17 17 19 4 5 6 7 9 9 22 23 29
10 14 13 14 1 1 2 8 9 31 31 24 26 27 28 27
11 14 10 16 17 17 19 4 5 6 7 9 9 22 23 22
12 14 13 14 1 1 2 8 9 31 31 26 27 27 28 35
13 14 10 16 17 17 19 4 5 6 7 9 9 22 23 7
14 14 15 15 3 4 0 6 8 8 34 34 27 28 29 13
15 14 13 14 1 1 2 8 9 31 31 26 27 27 28 18
16 14 13 14 1 1 2 8 9 31 31 26 27 27 28 35
17 14 22 23 10 16 17 17 19 4 5 6 7 7 9 21
18 11 15 15 3 4 0 6 8 27 28 29 24
19 14 13 14 1 1 2 8 9 31 31 26 27 27 28 22
20 11 15 15 3 4 0 6 8 27 28 29 16
21 14 13 14 1 1 2 8 9 31 31 26 27 27 28 26
22 11 15 15 16 3 4 0 6 8 27 28 32
23 14 13 14 1 1 2 8 31 31 26 26 27 27 28 14
24 14 13 14 14 1 2 8 31 31 26 26 27 27 28 30
25 11 15 15 16 3 4 0 6 8 28 32 16
26 14 13 14 14 1 2 8 31 31 26 26 27 27 28 4
27 14 2 3 4 6 8 28 29 28 11 24 16 15 15 18
28 14 2 3 4 4 31 31 28 23 23 13 19 19 16 36
29 14 21 22 22 29 11 12 18 34 32 3 5 9 9 32
30 14 2 3 4 6 8 29 28 28 24 18 16 15 15 30
31 14 2 3 4 4 31 31 23 23 13 19 19 16 36 13
32 14 21 22 22 11 12 18 34 32 32 3 5 9 9 27
33 14 2 3 4 6 8 29 28 28 24 18 16 15 15 33
34 14 2 3 4 4 31 31 23 23 13 13 36 19 19 30
35 14 21 22 22 11 12 18 34 32 32 3 5 9 9 35
36 14 2 3 4 6 8 29 28 28 24 18 16 15 15 11
37 14 2 3 4 4 31 31 23 23 13 13 36 19 19 25
38 14 21 22 22 11 12 35 34 32 32 3 5 9 9 2
39 14 2 3 4 6 9 29 28 28 24 18 16 15 15 26
40 14 2 3 4 4 31 31 23 23 13 13 36 19 19 26
41 14 21 22 22 11 12 34 32 32 2 3 5 9 9 12
42 14 2 3 4 6 8 28 28 26 24 18 16 15 15 28
43 14 2 3 4 4 31 31 23 23 13 13 36 19 19 5
44 14 21 22 22 11 12 12 32 32 2 3 9 9 5 6
45 14 2 3 4 6 8 28 28 28 26 18 16 15 15 19
46 14 2 3 4 6 8 28 28 28 18 16 15 15 19 36
47 14 2 3 4 4 5 31 31 23 23 13 13 19 19 33
48 14 2 3 4 4 5 31 31 23 23 13 13 19 19 14
49 14 2 3 4 6 8 28 28 28 18 16 15 15 36 9
50 14 2 3 4 4 31 31 23 23 13 13 19 19 17 35
51 14 21 22 22 11 12 12 32 32 2 3 35 9 9 15
52 14 2 35 4 4 31 31 23 23 13 13 19 19 17 5
53 14 21 22 22 11 12 12 15 32 32 2 35 9 9 14
54 14 27 28 29 12 14 14 15 16 17 18 22 23 7 26
55 14 2 35 3 3 31 31 23 23 13 13 19 17 5 30
56 14 22 22 11 12 12 14 15 32 32 2 35 9 9 26
57 14 2 35 4 4 31 31 23 23 13 13 17 5 30 26
58 14 2 35 4 4 31 31 23 23 13 13 17 5 30 13
59 14 22 22 26 11 12 12 14 15 32 32 1 2 35 32
60 14 3 2 1 7 35 35 14 17 15 33 27 24 32 11
61 14 10 16 24 27 29 31 2 4 4 21 21 7 9 9
62 14 13 16 16 26 26 27 29 1 6 8 36 32 33 25
63 14 35 35 1 2 3 7 14 15 17 27 24 32 33 9
64 14 10 16 27 29 31 2 4 4 21 21 7 9 9 8
65 14 13 13 16 16 25 26 26 27 29 6 8 36 32 15
66 14 35 35 1 2 3 7 9 14 15 17 27 24 36 6
67 14 13 13 15 16 16 25 26 26 27 6 8 32 36 23
68 14 35 35 1 2 3 7 6 14 15 17 27 24 36 28
69 14 13 13 15 16 16 23 25 26 26 27 6 8 32 34
70 14 35 35 1 2 3 7 6 14 15 28 27 24 36 8
71 14 10 16 26 27 2 4 4 21 21 22 7 8 9 21
72 14 13 13 15 16 16 6 8 25 26 26 27 32 34 34
73 14 10 16 26 27 4 4 21 21 21 22 7 8 9 18
74 14 35 35 1 2 3 8 7 6 14 15 28 27 36 28
75 14 13 13 15 16 16 6 8 25 26 27 32 34 34 21
76 14 13 13 15 16 6 8 21 25 26 27 32 34 34 33
77 14 35 35 1 2 3 8 7 6 14 15 28 28 27 28
78 14 13 13 15 16 6 8 25 26 27 33 32 34 34 30
79 14 13 13 15 16 6 8 25 26 27 30 33 34 34 23
80 11 34 34 35 24 26 29 14 5 8 9 9
81 14 21 21 23 24 3 6 8 9 16 17 30 36 11 36
82 11 34 34 35 24 26 14 5 8 9 9 31
83 14 21 21 23 24 3 6 8 9 16 17 30 36 36 17
84 8 34 34 35 24 31 5 8 16
85 14 21 21 23 24 6 8 16 17 17 30 36 36 31 8
86 14 11 13 15 10 18 22 22 30 25 4 5 0 7 3
87 8 34 34 35 31 24 5 8 36
88 14 21 21 23 24 8 8 16 17 17 30 36 36 31 16
89 14 21 21 23 8 8 16 16 17 17 30 36 36 31 34
90 14 11 13 15 10 22 22 30 2 3 4 5 0 7 35
91 8 34 34 35 31 5 36 32 32
92 14 13 15 10 22 22 30 2 3 4 5 0 7 35 25
93 8 34 34 31 5 36 32 32 4
94 8 34 34 31 5 4 32 32 28
95 14 13 13 15 10 22 22 30 2 3 4 5 0 7 7 
96 5 34 34 31 32 32
97 5 34 34 32 32 27
98 14 21 21 8 8 16 16 17 17 30 34 36 36 31 30
99 14 13 13 15 10 22 22 30 2 4 5 0 7 7 2
100 14 21 21 8 8 16 16 17 17 30 30 34 36 36 23
101 14 21 21 8 8 16 16 17 17 30 30 34 36 36 26
102 14 21 21 8 8 16 16 17 17 30 30 34 36 36 19
103 14 1 2 5 7 8 33 33 21 21 26 26 13 16 28
104 14 2 4 5 11 11 14 15 10 16 27 29 22 33 33
105 14 2 3 4 32 30 30 24 12 6 7 7 7 8 17
106 14 33 33 1 2 5 7 8 16 21 21 26 26 28 30
107 11 2 3 4 32 24 6 7 7 7 8 17
108 14 33 33 1 2 5 7 8 16 21 21 26 26 28 3
109 14 4 5 11 11 14 15 10 16 27 29 33 33 2 0
110 14 33 33 1 2 3 5 7 8 16 21 26 26 28 32
111 14 33 33 1 2 3 5 7 8 16 21 26 26 28 28
112 11 2 3 4 32 6 7 7 7 8 8 8
113 14 2 4 5 0 11 11 14 15 10 16 33 33 27 17
114 14 2 4 5 0 11 11 14 15 10 16 17 33 33 25
115 14 33 33 1 2 3 5 7 8 16 26 26 28 28 23
116 14 2 4 5 0 11 11 14 15 10 16 17 33 33 1
117 14 1 2 4 5 0 11 11 14 15 10 16 33 33 26
118 11 2 3 4 6 7 7 7 8 8 8 3
119 14 333 33 1 2 3 5 7 8 34 26 26 28 28 4
120 14 1 2 4 5 0 11 11 14 15 10 26 33 33 22
121 14 33 33 1 2 3 4 5 7 8 34 26 26 28 6
122 14 1 2 4 5 0 11 11 14 10 26 22 33 33 2
123 11 2 3 4 6 7 7 7 8 8 8 3
124 14 33 33 1 2 3 4 5 6 7 8 26 26 28 31
125 14 1 2 2 4 5 0 11 11 14 26 22 33 33 20
126 14 9 7 7 22 22 23 23 26 28 14 14 34 33 17
127 14 1 3 4 5 31 32 33 35 7 15 12 11 27 13
128 14 4 4 5 6 9 11 14 17 19 24 28 29 35 35
129 14 9 7 7 22 22 23 23 26 28 14 14 17 34 30
130 14 9 7 7 22 22 23 23 26 28 34 14 14 17 28
131 14 1 3 4 5 32 35 7 15 16 11 12 13 27 34
132 14 4 4 5 6 14 17 19 24 20 28 29 35 35 21
133 14 7 7 22 22 23 23 26 28 28 34 14 14 9 21
134 14 3 4 5 32 35 7 15 16 11 12 13 27 34 7
135 14 7 7 21 22 22 23 23 26 28 28 34 14 14 22
136 14 3 4 5 32 7 7 15 16 11 12 13 27 34 22
137 14 4 4 5 6 14 17 19 24 20 28 29 35 35 19
138 14 3 4 5 7 7 15 16 11 12 13 27 34 22 3
139 14 14 14 7 7 21 22 22 22 23 23 26 28 28 30
140 14 14 14 7 7 21 22 22 22 23 23 26 28 28 32
141 14 3 4 5 7 7 15 16 11 12 13 27 34 22 15
142 14 4 4 5 6 17 19 19 24 20 28 29 35 35 24
143 14 14 14 7 7 21 22 22 22 23 23 32 28 28 23
144 14 4 4 5 6 17 19 19 24 20 28 29 35 35 26
145 14 3 4 5 7 8 15 16 11 12 13 15 25 27 27
146 11 14 14 7 7 22 22 22 23 23 23 6
147 14 3 4 5 7 8 15 15 16 12 13 25 27 27 21
148 14 17 17 11 13 4 4 5 30 30 36 31 22 29 9
149 14 1 4 6 7 8 11 19 25 26 28 34 31 33 17
150 14 17 17 11 13 4 4 5 9 30 30 36 31 22 18
151 14 1 4 6 7 8 17 19 25 26 28 34 31 33 25
152 14 2 3 7 7 8 8 30 31 36 25 16 18 18 21
153 14 11 13 17 17 18 4 4 5 30 30 36 31 22 33
154 14 2 3 7 7 8 8 30 31 36 25 16 18 18 6
155 14 11 13 17 17 18 4 4 5 30 30 36 33 31 6
156 14 2 3 6 7 7 8 8 31 36 25 16 18 18 5
157 14 4 6 7 8 17 19 25 25 26 28 28 32 34 16
158 14 11 13 17 17 18 4 4 5 6 30 30 36 31 0
159 14 11 13 17 17 18 4 4 0 5 6 36 30 30 32
160 14 2 3 5 6 7 7 8 8 36 25 16 18 18 26
161 14 2 4 6 7 8 25 25 26 28 28 16 17 34 35
162 14 11 13 17 17 18 4 4 0 5 6 36 30 30 19
163 14 2 4 6 7 8 25 25 26 28 28 16 17 34 26
164 14 11 13 17 18 19 4 4 0 5 6 30 30 36 24
165 14 2 3 5 6 7 7 8 8 36 25 26 18 18 1
166 14 7 14 14 15 16 17 18 22 23 26 27 28 29 21
167 14 23 23 24 25 25 28 4 6 8 9 36 34 19 16
168 14 23 23 24 25 25 28 4 6 8 9 16 36 34 8
169 14 12 14 14 16 1 2 3 3 25 24 24 22 8 36
170 14 23 23 24 25 25 28 4 6 8 8 9 16 34 18
171 14 12 14 14 16 1 2 3 3 25 24 24 22 36 31
172 14 4 0 5 17 18 19 12 13 22 23 26 27 28 14
173 14 23 23 24 25 25 28 4 6 8 8 9 16 18 7
174 14 23 23 24 25 25 28 6 7 8 8 9 16 18 16
175 14 12 14 14 16 1 2 3 3 25 24 24 22 9 33
176 14 23 23 24 25 25 28 6 7 8 8 16 16 18 11
177 14 12 14 14 16 1 2 3 3 25 24 24 22 33 15
178 14 23 23 24 25 25 28 6 7 8 8 11 16 16 18
179 14 12 14 14 15 16 1 2 3 3 25 24 24 22 7
180 14 12 14 14 15 16 1 2 3 3 7 25 24 24 2
181 14 22 23 23 26 26 19 33 15 36 30 1 2 2 7
182 14 11 32 33 34 35 35 36 24 25 27 27 3 6 13
183 14 24 26 27 29 13 16 16 17 17 31 31 21 2 28
184 14 22 23 23 26 26 19 15 36 30 1 2 2 7 2
185 14 32 34 35 35 36 24 25 27 27 3 6 11 13 19
186 14 24 26 27 28 29 13 16 16 17 17 31 31 2 4
187 14 22 23 23 26 26 15 36 30 1 2 2 2 7 27
188 14 36 34 35 35 24 25 27 27 3 6 11 13 19 18
189 14 34 35 35 24 25 27 27 3 6 11 13 18 19 28
190 14 24 26 27 28 29 16 16 17 17 31 31 2 4 25
191 14 22 23 23 26 26 27 15 36 1 2 2 2 7 13
192 14 35 35 24 25 27 27 28 3 6 11 13 18 19 13
193 14 24 25 26 27 28 29 16 16 17 17 31 31 2 8
194 14 22 23 23 26 26 27 13 15 36 2 2 2 7 4
195 14 35 35 24 25 27 27 28 11 13 13 18 19 6 24
196 14 24 25 26 27 28 29 16 16 17 17 31 31 2 18
197 14 22 23 23 26 26 27 13 15 36 2 2 2 4 20
198 14 35 35 24 24 25 27 27 28 11 13 13 18 19 22
199 14 22 23 23 20 26 26 27 13 15 36 2 2 2 12
200 14 35 35 22 24 24 25 27 27 28 11 13 18 19 5
201 14 2 5 6 12 13 13 16 17 21 27 24 22 30 4
202 14 32 32 2 5 13 15 17 21 22 27 27 28 29 8
203 14 2 4 5 6 12 13 13 16 17 27 24 22 30 28
204 14 21 23 24 24 34 34 3 3 13 14 31 8 32 1
205 14 32 32 13 15 17 21 22 27 27 28 29 5 8 19
206 14 4 5 6 12 13 13 16 17 28 27 24 22 30 11
207 14 32 32 13 15 17 19 21 22 27 27 28 29 5 18
208 14 4 5 6 11 12 13 16 17 28 27 24 22 30 35
209 14 23 24 24 34 34 3 3 13 14 31 8 32 1 25
210 14 32 32 13 15 17 18 19 21 22 27 28 29 5 9
211 14 4 5 6 11 12 13 16 17 28 27 24 22 30 29
212 14 32 32 13 15 17 18 19 21 22 27 28 29 5 36
213 14 4 5 6 11 12 13 16 17 29 28 27 24 22 1
214 14 4 5 6 11 12 13 16 17 29 28 27 24 22 22
215 14 23 24 24 25 34 34 3 3 13 14 31 32 1 33
216 14 23 24 24 25 34 34 3 3 13 14 31 32 33 6
217 14 32 32 13 15 17 18 19 21 22 27 28 29 5 29
218 14 4 5 6 11 12 13 16 17 29 28 27 22 22 16
219 14 23 24 24 25 34 34 3 3 13 14 31 5 6 9
220 14 32 32 13 15 17 18 19 21 22 29 27 28 5 4
221 14 4 5 6 11 12 13 16 17 29 28 27 22 22 7
222 14 23 24 24 25 34 3 3 13 14 31 5 6 9 15
223 14 32 32 13 15 17 18 19 21 27 28 29 4 5 18
224 14 4 5 6 11 12 13 16 17 29 28 27 22 22 19
225 14 23 24 24 25 34 3 3 13 14 15 31 5 6 12
226 14 32 32 13 15 17 18 19 27 28 29 4 5 18 18 
227 14 4 5 6 11 12 13 16 17 29 28 27 22 22 4
228 14 23 24 24 25 34 3 3 13 14 15 31 5 6 32
229 14 32 32 13 15 17 18 18 18 27 28 29 4 5 26
230 14 4 5 6 11 12 13 16 17 29 28 27 22 22 31
231 14 23 24 24 25 34 3 3 13 14 15 5 6 28 26
232 14 32 32 13 15 17 18 18 18 26 27 28 4 5 26
233 14 4 5 6 11 12 13 16 17 29 28 27 22 22 30
234 14 23 24 24 25 3 3 13 14 15 5 6 28 26 19
235 14 30 30 18 11 13 14 24 31 3 5 7 32 33 35
236 14 1 1 1 3 4 18 4 0 6 8 8 36 27 24
237 14 29 29 12 15 16 16 2 4 6 22 24 34 35 21
238 14 1 1 1 3 4 4 0 6 8 8 36 24 27 22
239 14 29 29 12 15 16 16 2 4 6 22 24 34 35 17
240 14 1 1 1 3 4 4 0 6 8 8 36 24 27 6
241 14 30 30 11 13 14 18 22 24 3 3 5 7 35 33
242 14 1 1 1 3 4 4 0 6 6 8 8 36 27 12
243 14 29 29 12 15 16 16 17 2 4 6 22 24 34 18
244 8 22 24 3 3 5 7 33 35
245 14 1 1 1 12 3 4 4 0 6 6 8 8 36 15
246 8 22 24 3 3 5 7 33 5
247 14 1 1 1 15 3 4 4 0 6 6 8 8 36 32
248 14 29 29 14 15 16 16 17 18  2 4 6 22 24 14
249 8 22 24 3 3 5 5 7 21
250 14 1 1 1 32 3 4 4 0 6 6 8 8 36 15
251 14 29 29 14 15 16 16 17 18 2 4 6 22 24 28
252 8 22 24 3 3 5 5 7 17
253 14 29 29 14 15 16 16 17 18 2 4 6 22 24 17
254 8 22 24 3 3 5 5 7 26
255 14 29 29 14 15 16 16 17 18 2 4 6 22 24 9
256 8 22 24 26 3 3 5 7 19
257 8 22 24 26 3 3 5 7 3
258 11 1 1 1 32 3 4 0 6 8 8 2
259 14 29 29 14 15 16 16 17 2 4 6 9 22 24 13
260 14 29 29 14 16 16 17 2 4 6 9 22 24 13 9
261 8 22 24 3 3 3 5 7 10
262 8 22 24 3 3 3 5 7 23
263 14 25 26 27 27 28 17 16 1 8 9 23 22 21 34
264 14 25 26 27 27 28 16 1 8 9 34 23 22 21 21
265 14 29 29 16 16 17 4 6 7 9 9 22 13 35 29
266 14 21 21 25 26 27 1 3 3 5 8 33 13 14 1
267 14 23 24 20 34 34 2 6 7 8 31 27 27 28 35
268 14 21 22 22 23 24 24 28 29 2 16 17 18 19 14
269 14 21 21 25 26 27 1 1 3 3 5 33 13 14 18
270 14 23 24 20 34 34 35 2 6 7 8 27 27 28 2
271 14 21 21 25 26 27 1 1 3 3 5 33 13 14 12
272 14 23 24 20 34 34 35 2 2 6 7 8 27 28 25
273 14 21 22 22 23 24 24 28 29 14 16 17 18 19 9
274 14 21 21 25 26 27 1 1 3 3 5 12 13 14 21
275 14 23 24 20 34 34 35 2 2 6 7 8 27 28 7
276 14 21 22 23 24 24 28 29 14 16 17 18 19 9 19
277 14 21 21 21 25 26 27 1 3 3 5 12 13 14 4
278 14 23 24 20 34 34 2 2 6 7 8 27 28 7 25
279 14 21 22 23 24 24 28 29 14 16 17 18 19 19 30
280 14 21 22 23 24 24 28 29 14 16 17 19 19 30 32
281 14 23 24 20 25 27 28 14 2 2 6 7 7 8 9
282 14 23 24 20 25 27 28 14 2 2 6 7 7 8 14
283 14 23 24 20 25 27 28 14 14 2 2 6 7 8 10
284 14 21 22 23 24 24 28 14 16 17 17 19 19 19 11
285 14 23 24 20 25 27 28 14 14 2 2 6 7 8 12
286 14 21 22 23 24 24 26 28 11  14 17 17 19 19 6
287 14 23 24 20 25 27 28 28 13 14 14 2 2 6 23
288 14 21 22 23 24 24 26 28 6 11 14 17 17 19 16
289 14 12 14 15 16 34 21 23 25 26 26 27 2 8 35
290 14 22 26 27 29 29 30 32 33 1 3 5 6 10 22
291 14 12 14 15 16 34 21 23 25 26 26 27 2 8 11
292 14 21 21 22 13 14 24 20 28 32 5 6 31 31 30
293 14 21 21 22 13 14 24 20 28 32 5 6 31 31 17
294 14 22 22 26 27 29 29 32 1 3 4 5 6 10 35
295 14 11 12 14 15 16 34 21 23 25 26 26 27 28 31
296 14 21 21 22 13 14 24 20 17 32 5 6 31 31 28
297 14 22 22 26 27 29 29 32 1 3 4 5 6 10 13
298 14 11 12 14 15 16 34 21 23 25 26 26 27 28 12
299 14 21 21 13 14 24 20 17 32 5 6 31 31 28 35
300 14 22 22 26 27 29 29 1 3 4 5 6 13 10 11
301 14 12 12 14 15 16 34 21 23 25 26 26 27 28 2
302 14 21 21 13 14 24 20 35 32 5 6 31 31 28 27
303 14 12 12 14 15 16 34 21 23 25 26 26 27 28 14
304 14 22 22 26 27 29 29 3 4 5 6 11 13 10 34
305 14 21 21 13 14 24 20 32 5 6 31 31 27 28 26
306 14 22 22 26 27 29 29 34 4 5 6 11 13 10 36
307 14 12 12 14 14 15 16 34 21 25 26 26 27 28 18
308 14 22 22 26 27 29 29 36 4 5 6 11 13 10 30
309 14 12 12 14 14 15 16 34 21 25 26 26 27 28 3
310 14 12 12 14 14 15 16 34 21 25 26 26 27 28 4
311 14 12 12 14 14 15 16 34 21 25 26 26 27 28 23
312 14 12 13 0 5 7 9 22 23 24 34 16 17 18 12
313 14 21 21 13 14 24 20 26 27 28 5 6 31 31 15
314 14 22 22 26 27 29 29 34 4 5 6 11 13 10 6
315 14 12 12 14 14 15 16 34 21 23 26 26 27 28 18
316 14 22 22 26 27 29 29 34 4 5 6 11 13 10 33
317 14 12 14 14 15 16 18 34 21 23 26 26 27 28 8
318 14 21 21 13 14 15 24 20 33 26 27 28 5 6 29
319 14 22 22 26 27 29 29 34 4 5 6 11 13 10 9
320 14 14 14 15 16 18 8 34 21 23 26 26 27 28 6
321 14 14 14 15 18 8 6 34 21 23 26 26 27 28 7
322 14 12 13 13 8 8 9 35 31 31 22 24 24 20 36
323 14 36 36 36 4 5 6 7 8 10 16 16 17 18 0
324 14 33 33 21 22 14 16 27 29 29 2 3 6 7 2
325 14 22 23 24 26 26 27 27 28 29 15 19 6 4 35
326 14 33 33 21 22 14 16 27 29 29 2 3 6 7 17
327 14 12 13 13 8 8 36 35 31 31 22 24 24 20 9
328 14 22 23 24 26 27 27 28 29 115 19 6 4 35 16
329 14 13 13 8 8 9 36 35 31 31 22 24 24 20 5
330 14 11 11 21 22 23 33 33 13 14 34 3 3 27 2
331 14 32 15 18 21 23 1 2 3 4 6 7 8 29 19
332 14 4 4 4 7 35 24 26 27 28 13 17 18 18 28
333 14 11 11 21 22 23 33 33 13 14 2 3 3 27 15
334 14 1 12 13 14 34 34 4 5 9 31 36 23 26 36
335 14 1 1 2 36 21 22 26 27 28 11 14 16 17 13
336 14 1 5 8 9 14 19 19 22 22 224 29 32 35 24
337 14 11 12 13 15 17 18 18 18 6 7 9 33 35 28
338 14 12 13 14 34 34 4 5 9 36 36 23 26 1 2
339 14 32 5 8 9 14 19 19 22 22 24 24 29 35 30
340 14 11 12 13 15 17 18 18 18 28 6 7 9 33 15
341 14 12 13 14 34 34 4 5 36 36 23 26 1 2 28
342 14 32 5 8 9 14 19 19 22 22 24 24 35 30 23
343 14 11 12 13 15 15 17 18 18 18 28 6 7 33 24
344 14 12 13 14 34 34 4 5 36 36 23 26 28 2 26
345 14 32 5 8 9 14 19 19 22 22 23 24 24 35 35
346 14 11 12 13 15 15 17 18 18 18 24 28 6 7 16
347 14 12 13 14 34 34 4 5 36 36 23 26 26 28 21
348 14 32 5 9 14 19 19 22 22 23 24 24 35 35 21
349 14 11 12 13 115 15 16 17 18 18 18 24 6 7 34
350 14 33 5 14 19 19 21 22 22 23 24 24 35 35 19
351 14 12 13 14 34 34 4 5 36 36 23 26 26 28 27
352 14 1 1 2 36 25 26 27 28 33 13 14 16 17 32
353 14 32 5 14 22 22 23 24 24 35 35 19 19 19 24
354 14 12 13 14 34 34 4 5 36 36 23 26 27 28 22
355 14 1 1 2 36 20 26 27 28 33 13 14 16 17 31
356 14 35 35 5 14 22 22 23 24 24 24 19 19 19 13
357 14 12 13 14 34 34 4 5 36 36 26 27 28 22 8
358 14 1 1 2 36 31 20 26 27 28 13 14 16 17 27
359 14 35 35 22 22 23 24 24 24 13 14 19 19 19 6
360 14 11 12 13 15 17 15 16 18 18 18 34 7 6 33
361 14 12 13 14 34 34 4 5 36 36 26 27 28 22 6
362 14 1 1 36 31 20 26 27 27 28 13 14 16 17 19
363 14 35 35 22 22 23 24 24 24 13 14 19 19 19 15
364 14 19 36 12 13 14 15 24 24 2 2 7 9 9 8
365 14 1 6 6 6 7 21 22 26 33 17 18 32 32 14
366 14 23 24 12 16 16 1 3 5 31 36 35 19 19 3
367 14 19 12 13 14 15 24 24 2 2 7 8 9 9 30
368 14 23 24 12 16 16 1 3 3 5 36 35 19 19 18
369 14 11 11 11 14 15 21 23 26 34 32 30 5 7 18
370 14 12 13 14 15 24 24 2 2 7 8 9 9 30 23
371 14 23 24 12 16 16 18 1 3 3 5 36 19 19 4
372 14 11 11 11 14 15 18 21 23 26 34 30 5 7 8
373 14 12 13 14 15 23 24 24 2 2 7 8 9 9 5
374 14 6 6 6 7 21 22 26 26 14 17 18 32 32 23
375 14 23 24 16 16 18 1 3 3 4 5 36 19 19 18
376 14 11 11 11 14 15 18 21 23 26 30 5 7 8 26
377 14 11 11 11 14 15 21 23 26 26 30 5 7 8 6
378 14 12 13 14 15 23 24 24 2 2 5 7 8 9 0
379 14 12 13 14 15 23 24 2 2 0 5 7 8 9 1
380 14 13 14 15 23 24 2 2 0 5 7 8 9 1 25
381 14 6 6 6 8 33 22 23 24 26 26 17 17 18 25
382 14 14 15 16 23 26 26 4 4 5 6 7 11 11 34
383 14 30 32 33 17 34 36 21 12 2 2 5 8 9 6
384 14 19 18 10 1 30 21 22 27 27 34 6 9 9 28
385 14 1 3 3 4 32 32 12 13 33 18 15 27 22 25
386 14 19 18 10 30 21 22 27 27 28 34 6 9 9 7
387 14 1 3 3 4 32 32 12 13 15 18 25 27 22 14
388 14 19 18 10 21 22 27 27 28 34 6 7 9 9 18
389 14 36 36 22 24 24 20 26 28 28 0 14 15 14 29
390 14 18 18 19 10 21 22 27 27 28 6 7 9 9 32
391 14 1 3 3 4 32 32 12 13 14 15 18 25 27 1
392 14 18 18 19 10 21 22 27 27 28 6 7 9 9 17
393 14 1 1 3 3 4 32 32 12 13 14 15 25 27 29
394 14 30 32 33 33 34 36 2 2 5 6 8 8 9 7
395 14 31 31 35 21 22 24 27 28 29 34 2 3 4 27
396 14 30 33 33 34 36 2 2 5 6 7 8 8 9 8
397 14 30 33 33 34 36 2 2 5 6 7 8 8 9 8
398 14 17 18 19 10 21 22 27 27 28 6 7 9 9 26
399 14 36 36 22 24 24 20 26 0 28 28 29 14 15 25
400 14 1 3 4 32 32 11 12 13 14 15 25 27 29 31
401 14 30 33 33 36 2 2 5 6 7 8 8 8 9 3
402 14 17 18 19 21 22 26 27 27 28 6 7 9 9 28
403 14 30 33 33 2 2 3 5 6 7 8 8 8 9 7
404 14 17 18 19 22 26 27 27 28 28 6 7 9 9 13
405 14 36 36 24 24 20 25 26 0 28 28 29 14 15 5
406 14 3 4 32 32 11 12 13 14 15 25 27 29 31 26
407 14 30 33 33 2 2 3 5 6 7 7 8 8 9 30
408 14 17 18 19 22 26 27 27 28 28 6 7 9 9 24
409 14 36 36 24 24 20 25 26 0 5 28 28 14 15 23
410 14 3 4 32 32 11 12 13 14 15 25 27 31 26 25
411 14 30 30 33 33 2 2 3 6 7 7 8 8 9 4
412 14 17 18 19 22 26 27 27 28 28 6 7 9 9 5
413 14 3 4 32 32 11 12 13 13 14 15 25 26 27 6
414 14 23 24 24 20 25 26 28 28 0 5 14 15 16 4
415 14 2 2 9 6 1 1 22 22 18 33 30 36 32 36
416 14 11 13 14 17 17 9 31 32 35 35 23 4 5 13
417 14 2 2 6 1 1 30 22 22 18 33 36 36 32 34
418 14 1 3 4 4 6 7 13 14 22 24 19 19 32 15
419 14 3 4 4 6 7 13 14 15 22 24 19 19 32 16
420 14 21 21 0 14 14 20 26 27 27 28 29 29 30 29
421 14 3 4 6 7 13 14 15 16 22 24 19 19 32 6
422 14 3 4 6 7 13 14 15 16 22 24 19 19 32 27
423 14 3 4 6 7 13 14 15 16 22 24 19 19 32 22
424 14 3 4 6 7 13 14 15 16 22 22 24 19 32 7
425 14 3 4 6 7 7 13 14 15 22 22 24 19 32 16
426 14 9 1 2 6 3 0 30 14 15 29 23 26 27 8
427 14 1 2 3 4 5 8 12 10 15 18 27 29 30 11
428 14 1 2 3 30 0 6 8 9 14 15 23 26 27 22
429 14 1 2 3 4 5 8 11 12 10 15 18 27 29 4
430 14 1 2 3 0 6 8 9 14 15 22 23 26 27 28
431 14 31 31 13 13 14 24 17 19 5 7 8 8 29 27
432 14 1 2 3 4 4 5 11 12 10 15 18 27 29 16
433 14 1 2 3 0 6 8 14 15 22 23 26 27 28 5
434 14 21 21 23 24 4 6 7 7 36 12 13 14 16 4
435 14 21 21 23 24 4 4 6 7 7 12 13 14 16 26
436 14 1 2 3 5 0 14 15 22 23 8 26 27 28 25
437 14 21 21 23 24 26 4 4 6 7 12 13 14 16 6
438 14 31 31 11 13 13 14 17 19 7 8 8 27 29 9
439 14 1 2 3 5 0 14 15 22 23 8 26 27 25 32
440 14 21 21 23 24 4 4 6 6 7 12 13 14 16 3
441 14 31 31 11 13 13 14 17 19 7 8 9 27 29 19
442 14 1 2 3 5 0 14 15 22 23 30 25 26 27 34
443 14 1 2 3 0 5 34 14 15 22 23 25 26 27 35
444 14 4 6 16 18 18 21 21 23 13 26 28 31 9 7
445 14 11 2 4 6 15 18 19 19 22 23 25 26 30 17
446 14 6 7 13 16 16 18 18 21 21 23 26 28 31 14
447 14 1 3 4 0 5 8 9 9 12 17 23 24 27 6
448 14 6 7 13 14 16 16 18 18 21 21 26 28 31 15
449 14 11 12 2 4 6 15 17 18 19 22 23 25 26 13
450 14 6 7 13 14 15 16 18 18 21 21 26 28 31 26
451 14 1 3 4 0 5 6 9 9 17 23 24 27 27 1
452 14 6 7 13 14 15 16 18 21 21 26 26 28 31 20
453 14 1 1 3 4 0 5 11 9 9 23 24 27 27 11
454 14 6 7 13 14 15 18 21 21 20 26 26 28 31 31
455 14 6 7 13 14 15 21 21 20 26 26 28 31 31 8
456 14 6 7 8 14 15 21 21 20 26 26 28 31 31 13
457 14 11 12 13 14 31 17 18 19 22 23 25 25 26 14
458 14 1 1 0 5 11 11 9 9 21 23 24 27 27 14
459 14 11 12 13 14 14 31 17 18 19 23 25 25 26 5
460 14 35 19 23 24 27 27 12 10 36 1 3 5 9 11
461 14 4 6 6 9 9 21 21 30 25 13 16 17 18 34
462 14 14 17 17 18 19 26 26 28 28 2 2 35 31 3
463 14 4 6 6 9 9 21 21 25 13 16 17 18 34 22
464 14 14 17 17 18 19 26 26 28 28 35 2 2 3 14
465 14 14 14 17 17 19 26 26 28 28 3 35 2 2 8
466 14 23 24 26 27 27 11 12 10 1 3 5 9 19 30
467 14 4 6 6 32 21 21 22 25 13 16 17 18 34 33
468 14 14 14 17 17 8 26 26 28 28 35 2 2 3 6
469 14 4 6 6 32 21 21 22 25 13 16 17 18 33 15
470 14 14 14 17 17 8 26 26 28 28 35 2 2 3 17
471 14 23 24 26 27 27 30 11 12 10 15 1 3 5 1
472 14 4 6 6 32 21 21 25 13 15 16 17 18 33 31
473 14 14 14 17 17 17 8 26 26 28 28 35 2 2 32
474 14 23 24 26 27 30 11 12 10 15 1 1 3 5 4
475 14 4 6 6 32 21 21 25 13 15 16 17 18 33 23
476 14 4 6 6 32 21 23 25 13 15 16 17 18 33 14
477 14 23 24 26 27 11 12 10 15 1 1 2 4 5 0
478 14 22 23 23 24 24 25 1 3 13 13 15 16 9 14
479 14 4 6 6 21 23 25 13 14 15 16 17 18 33 21
480 14 14 14 17 17 17 35 32 26 26 28 28 2 2 28
481 14 4 6 6 21 21 23 25 13 14 15 16 17 33 34
482 14 22 23 24 26 27 11 12 10 15 1 3 4 0 7
483 14 4 6 6 21 21 23 25 13 14 15 16 17 33 30
484 14 14 14 17 17 17 29 2 2 26 26 28 28 28 29
485 14 4 6 6 21 21 23 25 13 14 15 16 17 30 8
486 14 36 34 35 12 25 26 29 21 18 1 2 6 9 29
487 14 26 27 27 27 28 28 17 19 19 4 30 14 21 19
488 14 36 34 35 21 25 26 29 29 18 1 2 6 9 13
489 14 4 26 27 27 27 28 28 14 17 19 19 19 30 30
490 14 26 27 27 27 28 28 14 17 19 19 19 30 30 1
491 14 27 27 27 28 28 1 14 17 19 19 19 30 30 33
492 14 36 34 21 15 16 16 19 19 13 15 1 2 6 22
493 14 27 27 27 28 28 1 33 17 19 19 19 30 30 36
494 14 36 22 21 25 26 26 29 29 13 15 1 2 6 5
495 14 22 22 23 25 28 32 32 31 33 30 12 9 17 13
496 14 27 27 27 28 28 1 33 17 19 19 19 30 30 27
497 14 11 12 13 16 3 0 6 7 8 9 9 23 24 23
498 14 22 21 25 26 26 29 29 13 15 1 2 5 6 5
499 14 22 21 25 26 26 29 29 13 1 2 5 5 6 17
500 14 2 0 6 7 8 9 9 23 23 24 11 12 13 3
501 14 21 25 26 26 29 29 13 17 1 2 5 5 6 36
502 14 22 22 23 25 28 32 32 31 35 13 13 30 33 21
503 14 36 21 25 26 29 29 13 17 1 2 5 5 6 31
504 14 22 22 23 25 28 32 32 31 35 21 13 13 30 33
505 14 31 36 21 25 29 29 13 17 1 2 5 5 6 24
506 14 31 36 24 25 29 29 13 17 1 2 5 5 6 8
507 14 31 24 25 29 29 13 17 1 2 5 5 6 8 16
508 14 31 24 29 29 13 16 17 1 2 5 5 6 8 7
509 14 22 22 28 32 32 31 35 34 30 16 14 13 13 22
510 14 3 3 0 6 7 8 8 9 23 24 11 12 13 18
511 14 31 29 29 13 16 1 2 5 5 6 6 7 8 12
512 14 3 3 0 6 7 8 8 23 24 11 12 13 16 5
513 14 5 8 6 9 14 12 15 16 16 19 33 30 35 22
514 14 21 12 15 18 22 24 31 35 3 4 8 30 36 24
515 14 5 6 8 9 12 14 15 16 16 22 33 30 35 9
516 14 5 6 8 9 9 22 12 14 15 16 16 30 35 22
517 14 12 13 17 21 23 31 24 25 27 28 29 3 7 23
518 14 12 15 17 18 21 22 24 24 31 3 4 6 8 26
519 14 12 13 17 21 23 23 24 25 27 28 29 3 7 13
520 14 22 22 5 6 8 9 9 12 14 15 16 16 30 18
521 14 12 15 17 18 22 24 24 26 31 3 4 6 8 26
522 14 12 15 17 18 22 24 24 26 26 3 4 6 8 35
523 14 12 13 13 17 21 23 23 24 25 27 28 29 7 23
524 14 22 22 5 6 8 9 9 14 15 16 16 18 30 14
525 14 12 13 13 21 23 23 23 24 25 27 28 29 7 9
526 14 22 22 5 6 9 9 14 14 15 16 16 18 30 10
527 14 22 22 5 6 9 9 14 14 15 10 30 16 16 6
528 14 12 13 21 23 23 23 24 25 27 28 29 7 9 27
529 14 15 17 22 24 24 26 26 1 3 4 5 6 8 2
530 14 13 21 23 23 23 24 25 27 27 28 29 7 9 30
531 14 9 36 30 26 27 28 28 1 3 15 15 16 16 18
532 14 11 11 26 16 17 18 23 5 7 30 35 32 34 12
533 14 30 26 27 28 28 1 3 15 15 16 16 18 9 16
534 14 11 11 12 16 17 18 23 26 5 7 30 35 34 23
535 14 26 27 28 28 1 3 15 15 16 16 16 18 9 4
536 14 2 3 3 4 7 8 22 20 26 27 13 14 18 8
537 14 11 11 12 16 17 18 19 23 23 26 5 7 30 23
538 14 11 11 12 16 17 18 23 23 23 26 5 7 30 22
539 14 2 3 3 4 7 8 8 22 20 26 27 13 14 8
540 14 11 11 12 16 17 18 23 23 23 26 5 7 30 17
541 14 26 27 28 28 3 4 4 13 15 15 16 16 16 32
542 14 11 11 12 16 17 18 23 23 23 26 5 7 30 7
543 14 2 3 4 7 8 8 8 22 20 26 27 13 14 14
544 14 2 3 4 7 8 8 8 22 20 26 27 13 14 24
545 14 11 11 12 16 17 18 36 23 23 23 26 7 7 2
546 14 1 1 2 7 8 9 24 25 12 13 18 19 19 17
547 14 26 27 34 28 28 3 4 13 15 15 16 16 16 31
548 14 11 11 12 16 17 18 36 23 23 23 26 7 7 17
549 14 11 11 12 16 17 18 36 23 23 23 26 7 7 31
550 14 26 27 34 28 28 3 4 13 15 15 16 16 16 24
551 14 11 11 12 16 17 18 23 23 23 31 26 7 7 33
552 14 2 3 4 8 8 8 22 24 20 26 27 13 14 27
553 14 31 33 11 12 16 17 18 23 23 23 26 7 7 27
554 14 33 11 12 16 17 18 23 23 23 26 27 7 7 35
555 14 2 36 36 31 11 13 26 24 16 18 21 6 9 27
556 14 32 35 21 22 23 27 29 12 12 14 17 18 34 23
557 14 21 22 23 23 27 29 12 12 14 17 18 35 34 32
558 14 21 22 23 23 27 29 12 12 14 17 18 35 32 31
559 14 36 36 11 13 24 26 27 16 18 2 3 6 31 1
560 14 21 22 22 23 24 24 28 11 13 16 18 2 6 17
561 14 36 36 26 27 16 18 1 2 3 6 31 11 13 34
562 14 21 22 23 23 27 29 29 12 12 14 17 18 34 19
563 14 21 22 22 23 24 24 11 13 16 17 18 6 2 26
564 14 12 13 14 36 36 28 28 2 3 0 6 35 26 26
565 14 21 22 23 23 29 29 12 12 14 17 18 19 34 8
566 14 21 22 23 23 29 29 12 12 14 17 18 19 34 3
567 14 36 36 26 27 16 16 18 1 2 3 6 31 34 27
568 14 12 13 14 36 36 26 28 28 2 3 0 6 35 15
569 14 21 22 23 23 25 29 29 3 12 14 17 18 19 7
570 14 21 22 23 24 24 6 7 11 13 16 17 18 19 33
571 14 21 22 23 23 25 29 29 3 12 14 17 18 19 14
572 14 21 22 23 24 24 6 7 11 13 16 17 18 19 15
573 14 21 22 23 23 25 29 29 3 12 14 17 18 19 24
574 14 21 22 23 23 24 25 29 29 12 14 17 18 19 21
575 14 21 22 23 23 24 25 29 29 12 14 17 18 19 22
576 14 21 22 23 24 24 6 7 11 15 16 17 18 19 4
577 14 21 22 22 23 23 24 25 29 29 14 17 18 19 10
578 14 21 22 23 24 24 6 7 11 15 16 17 18 19 2
579 14 14 15 16 36 36 26 28 28 2 3 4 0 6 7
580 11 23 24 16 16 3 3 5 4 19 19 27
581 11 23 24 16 16 3 3 5 4 19 19 13
582 11 23 24 16 16 2 2 5 4 19 19 1
583 11 23 24 16 16 3 3 5 4 19 1 22
584 11 22 23 24 16 16 3 3 5 4 1 15
585 11 22 23 24 16 16 3 3 5 4 15 3
586 11 22 23 24 16 3 3 3 4 5 15 31
587 11 22 23 24 16 3 3 3 4 5 15 29
588 11 6 2 2 30 22 22 18 34 36 36 17
589 11 2 2 30 22 22 17 18 34 36 36 18
590 11 2 2 30 22 22 18 18 34 36 36 2
591 11 11 13 13 14 15 31 36 35 35 35 31
592 8 2 2 2 30 22 22 18 18
593 8 2 2 2 22 22 18 18 28
594 8 2 2 2 22 22 18 18 4
595 11 13 13 14 15 31 31 11 35 35 35 11
596 8 16 32 34 1 2 22 24 6
597 8 32 34 1 2 16 22 24 32
598 8 32 34 1 2 22 24 32 24
599 8 32 32 34 1 2 24 24 30
600 8 32 32 1 2 30 24 24 7
601 8 32 32 1 2 30 24 24 3
602 8 32 32 1 2 3 24 24 12
603 8 32 32 1 2 3 24 24 2
604 8 32 32 1 2 3 24 24 36
605 11 28 28 1 1 19 19 19 30 30 33 1
606 14 12 12 16 27 29 29 4 6 9 22 35 32 19 22
607 14 12 12 27 29 29 4 6 9 22 22 35 32 19 33
608 14 4 5 5 6 7 14 19 30 9 9 21 21 1 17
609 14 26 28 2 3 3 3 0 7 9 14 15 15 17 2
610 14 12 12 27 29 29 4 9 22 22 35 32 33 19 33
611 14 4 5 5 7 14 17 19 30 9 9 21 21 1 8
612 14 26 28 2 2 3 3 3 0 7 14 15 15 17 2
613 14 12 12 27 29 29 9 22 22 35 32 33 33 19 14
614 14 5 5 7 8 9 9 21 21 1 30 19 17 14 36
615 14 6 8 22 23 23 24 25 26 18 18 16 13 12 12
616 14 5 5 7 8 9 9 21 21 36 1 30 19 17 1
617 14 26 28 2 2 2 14 3 3 3 0 7 15 15 36
618 14 5 5 7 8 9 9 21 21 36 1 1 30 19 23
619 14 26 28 2 2 2 14 3 3 3 0 7 15 15 24
620 14 12 12 25 27 29 29 22 22 35 32 33 33 19 5
621 14 5 5 8 9 9 21 21 36 1 1 30 19 23 26
622 14 26 28 2 2 2 14 3 3 3 0 7 15 15 27
623 14 12 12 25 27 29 29 22 22 35 32 33 33 19 17
624 14 5 5 8 9 9 21 21 36 1 1 30 19 23 11
625 14 26 27 28 2 2 2 3 3 3 0 7 15 15 4
626 14 13 12 12 6 8 22 23 24 25 26 18 18 16 24
627 14 12 12 27 29 29 22 22 35 32 33 33 19 17 35
628 14 5 5 8 9 9 21 21 36 1 1 30 19 23 13
629 14 12 12 27 29 29 22 22 35 35 32 33 33 19 31
630 14 5 5 8 9 9 21 21 1 1 30 13 19 23 31
631 14 13 12 12 6 8 22 23 24 24 25 26 18 16 6
632 14 13 16 12 12 6 6 8 22 23 24 24 25 26 25
633 14 13 16 12 12 6 6 8 22 23 24 25 25 26 13
634 14 2 5 5 8 9 31 1 1 30 23 11 13 19 17
635 14 2 5 5 8 31 1 1 30 23 11 13 19 17 31
636 14 13 13 16 12 12 6 6 8 22 23 25 25 26 34
637 14 12 12 27 1 22 22 35 35 32 32 33 33 31 34
638 14 13 13 16 12 12 6 6 8 22 34 25 25 26 28
639 14 13 13 12 12 6 6 8 22 34 25 25 26 28 10
640 14 12 12 22 22 35 35 32 32 33 33 1 31 34 33
641 14 13 12 12 6 6 8 22 34 25 25 26 28 10 8
642 14 23 24 24 1 1 2 5 6 18 14 28 9 34 27
643 14 22 25 11 12 10 18 19 30 35 31 2 8 29 17
644 14 4 8 8 36 36 18 16 13 20 22 26 26 32 32
645 14 1 1 2 23 24 24 5 6 14 18 27 28 9 11
646 14 22 25 11 12 10 17 18 19 30 35 31 2 8 17
647 14 4 8 8 18 16 13 20 26 26 36 36 32 32 32
648 14 25 11 12 10 17 17 18 19 30 35 31 2 8 7
649 14 3 4 7 7 14 34 21 21 21 22 26 35 36 23
650 14 1 1 2 23 24 24 5 6 14 18 27 28 9 14
651 14 25 11 12 10 17 17 18 19 30 35 31 7 8 24
652 14 1 1 2 23 24 24 5 6 14 14 18 27 28 3
653 14 1 1 2 3 23 24 24 5 6 14 14 27 28 0
654 14 3 4 7 7 34 21 21 21 22 23 26 14 17 30
655 14 24 25 11 12 10 17 17 18 19 35 19 7 8 25
656 14 1 2 3 23 24 24 0 6 14 14 27 28 29 33
657 14 8 8 18 16 20 26 26 36 36 36 32 32 32 15
658 14 1 2 3 23 24 24 0 6 14 14 27 28 29 24
659 14 24 25 11 12 10 17 17 18 19 35 19 7 8 3
660 14 3 4 7 7 34 21 21 21 22 23 16 17 18 16
661 14 24 25 11 12 10 17 17 18 19 19 7 8 3 28
662 14 24 25 12 10 17 17 18 19 19 7 8 3 28 5
663 14 8 8 15 16 20 26 26 36 36 36 32 32 32 25
664 14 24 25 12 10 17 17 18 19 19 7 8 5 28 17
665 14 8 15 16 25 20 26 26 36 36 36 32 32 32 32
666 14 3 4 7 7 7 21 22 23 12 16 16 17 18 16